-------------------
i=0 j=0 h=0
power[0][0]=power[0][0]+temp[0][0]*s2[0][0];
i=0 j=0 h=1
power[0][0]=power[0][0]+temp[0][1]*s2[1][0];
i=0 j=0 h=2
power[0][0]=power[0][0]+temp[0][2]*s2[2][0];
--------------------
i=0 j=1 h=0
power[0][1]=power[0][1]+temp[0][0]*s2[0][1];
i=0 j=1 h=1
power[0][1]=power[0][1]+temp[0][1]*s2[1][1];
i=0 j=1 h=2
power[0][1]=power[0][1]+temp[0][2]*s2[2][1];
---------------------
i=0 j=2 h=0
power[0][2]=power[0][2]+temp[0][0]*s2[0][2];
i=0 j=2 h=1
power[0][2]=power[0][2]+temp[0][1]*s2[1][2];
i=0 j=2 h=2
power[0][2]=power[0][2]+temp[0][2]*s2[2][2];
================================
i=1 j=0 h=0
power[1][0]=power[1][0]+temp[1][0]*s2[0][0];
i=1 j=0 h=1
power[1][0]=power[1][0]+temp[1][1]*s2[1][0];
i=1 j=0 h=2
power[1][0]=power[1][0]+temp[1][2]*s2[2][0];
--------------------
i=1 j=1 h=0
power[1][1]=power[1][1]+temp[1][0]*s2[0][1];
i=1 j=1 h=1
power[1][1]=power[1][1]+temp[1][1]*s2[1][1];
i=1 j=1 h=2
power[1][1]=power[1][1]+temp[1][2]*s2[2][1];
--------------------
i=1 j=2 h=0
power[1][2]=power[1][2]+temp[1][0]*s2[0][2];
i=1 j=2 h=1
power[1][2]=power[1][2]+temp[1][1]*s2[1][2];
i=1 j=2 h=2
power[1][2]=power[1][2]+temp[1][2]*s2[2][2];
================================
i=2 j=0 h=0
power[2][0]=power[2][0]+temp[2][0]*s2[0][0];
i=2 j=0 h=1
power[2][0]=power[2][0]+temp[2][1]*s2[1][0];
i=2 j=0 h=2
power[2][0]=power[2][0]+temp[2][2]*s2[2][0];
------------------
i=2 j=1 h=0
power[2][1]=power[2][1]+temp[2][0]*s2[0][1];
i=2 j=1 h=1
power[2][1]=power[2][1]+temp[2][1]*s2[1][1];
i=2 j=1 h=2
power[2][1]=power[2][1]+temp[2][2]*s2[2][1];
-----------------
i=2 j=2 h=0
power[2][2]=power[2][2]+temp[2][0]*s2[0][2];
i=2 j=2 h=1
power[2][2]=power[2][2]+temp[2][1]*s2[1][2];
i=2 j=2 h=2
power[2][2]=power[2][2]+temp[2][2]*s2[2][2];
------------------------------------------------------
输入M：
1 0 0
0 0 1
0 1 0
-----------------------------
1 0 0     1 0 0      1 0 0
0 0 1  *  0 0 1  = 0 1 0         M^2 
0 1 0      0 1 0     0  0 1
-----------------------------
1 0 0     1 0 0     1 0 0
0 0 1  + 0 1 0 = 0 1 1     M+M^2
0 1 0      0 0 1    0 1 1
-----------------------------
1 0 0      1 0 0     1 0  0
0 1 0  *  0 0 1  = 0 0  1      M^3
0 0 1      0 1 0     0 1  0
------------------------------
1 0 0    1 0 0      1 0 0
0 1 0  +0 0 1  = 0 1 1             M^2+M^3
0 0 1    0 1 0      0 1 1
------------------------------
1 0 0    1 0 0    1 0 0      1 0 0 
0 0 1  +0 1 0 +0 0 1  =  0 1 1   M+M^2+M^3
0 1 0     0 0 1    0 1 0      0 1 1
--------------------------------- 
s2[][]=
1 0 0
0 0 1
0 1 0
power[][]=
0 0 0
0 0 0
0 0 0
t[][]=
1 0 0
0 0 1
0 1 0
compare[][]=
1 0 0
0 0 1
0 1 0
temp[][]=
1 0 0
0 0 1
0 1 0
---------------------------------
s2[][]=M
power[][]=0
t[][]=M
compare[][]=M
temp[][]=M
---------------------------------
power[][]=M*M=M^2
temp[][]=M^2
t[][]=M+M^2
t[][]!=compare[][]
compare[][]=M+M^2
----------------------------------
power[][]=(M^2)*M=M^3
temp[][]=M^3
t[][]=M+M^2+M^3
t[][]==compare[][]
compare[][]=M+M^2+M^3
======================================
输入M：
1 0 0 0
0 0 1 0
0 1 0 1
1 0 0 1
结果：
1 0 0 0
1 1 1 1
1 1 1 1
1 0 0 1
---------------------
1 0 0 0     1 0 0 0      1 0 0 0
0 0 1 0   * 0 0 1 0  = 0 1 0 1
0 1 0 1     0 1 0 1      1 0 1 1   M^2
1 0 0 1     1 0 0 1      1 0 0 1
----------------------
1 0 0 0     1 0 0 0     1 0 0 0
0 0 1 0  + 0 1 0 1 = 0 1 1 1   M+M^2
0 1 0 1     1 0 1 1     1 1 1 1
1 0 0 1     1 0 0 1     1 0 0 1
-----------------------
1 0 0 0      1 0 0 0      1  0 0 0
0 1 0 1   *  0 0 1 0  = 1  0 1 1   M^3=M^2*M
1 0 1 1       0 1 0 1     1  1 0 1 
1 0 0 1       1 0 0 1     1  0 0 1
------------------------
1 0 0 0       1 0 0 0        1 0 0 0
0 1 0 1   +  1 0 1 1  =   1 1 1 1   M^2+M^3
1 0 1 1       1 1 0 1        1 1 1 1
1 0 0 1       1 0 0 1        1 0 0 1
------------------------
1 0 0 0     1 0 0 0        1 0 0 0
0 0 1 0  + 1 1 1 1   =  1 1 1 1   M+M^2+M^3
0 1 0 1     1 1 1 1        1 1 1 1 
1 0 0 1     1 0 0 1        1 0 0 1
------------------------
1  0 0 0     1 0 0 0       1 0 0 0
1  0 1 1  *  0 0 1 0   = 1 1 0 1    M^4=M^3*M
1  1 0 1     0 1 0 1       1 0 1 1
1  0 0 1     1 0 0 1       1 0 0 1
------------------------
1 0 0 0      1 0 0 0        1 0 0 0
1 1 1 1  +  1 1 0 1  =   1 1 1 1     M^2+M^3+M^4
1 1 1 1       1 0 1 1       1 1 1 1
1 0 0 1       1 0 0 1       1 0 0 1
------------------------
1 0 0 0      1 0 0 0      1 0 0 0
1 1 1 1  + 1 1 0 1  =  1 1 1 1     M+M^2+M^3+M^4
1 1 1 1      1 0 1 1      1 1 1 1 
1 0 0 1      1 0 0 1      1 0 0 1 
------------------------
s2[][]=
1 0 0 0
0 0 1 0
0 1 0 1
1 0 0 1
power[][]=
0 0 0 0
0 0 0 0
0 0 0 0
0 0 0 0
t[][]=
1 0 0 0
0 0 1 0
0 1 0 1
1 0 0 1
compare[][]=
1 0 0 0
0 0 1 0
0 1 0 1
1 0 0 1
temp[][]=
1 0 0 0
0 0 1 0
0 1 0 1
1 0 0 1
---------------------------------
s2[][]=M
power[][]=0
t[][]=M
compare[][]=M
temp[][]=M
---------------------------------
power[][]=M*M=M^2
temp[][]=M^2
t[][]=M+M^2
t[][]!=compare[][]
compare[][]=M+M^2
----------------------------------
power[][]=M^2*M=M^3
temp[][]=M^3
t[][]=M+M^2+M^3
t[][]!=compare[][]
compare[][]=M+M^2+M^3
-----------------------------------
power[][]=M^3*M=M^4
temp[][]=M^4
t[][]=M+M^2+M^3+M^4
t[][]==compare[][]
compare[][]=M+M^2+M^3+M^4